inetr41526 = [
0.000000 5.398537
0.500000 5.479455
1.000000 5.560190
1.500000 5.640742
2.000000 5.721111
2.500000 5.801297
3.000000 5.881299
3.500000 5.961119
4.000000 6.040755
4.500000 6.120208
5.000000 6.199478
5.500000 6.278565
6.000000 6.357469
6.500000 6.436189
7.000000 6.514727
7.500000 6.593081
8.000000 6.671253
8.500000 6.749241
9.000000 6.827046
9.500000 6.904667
10.000000 6.982106
10.500000 7.059362
11.000000 7.136434
11.500000 7.213324
12.000000 7.290030
12.500000 7.366553
13.000000 7.442893
13.500000 7.519050
14.000000 7.595023
14.500000 7.670814
15.000000 7.746421
15.500000 7.821845
16.000000 7.897087
16.500000 7.972145
17.000000 8.047019
17.500000 8.121711
18.000000 8.196220
18.500000 8.270545
19.000000 8.344687
19.500000 8.418647
20.000000 8.492423
20.500000 8.566016
21.000000 8.639426
21.500000 8.712652
22.000000 8.785696
22.500000 8.858556
23.000000 8.931233
23.500000 9.003728
24.000000 9.076039
24.500000 9.148166
25.000000 9.220111
25.500000 9.291873
26.000000 9.363451
26.500000 9.434847
27.000000 9.506059
27.500000 9.577088
28.000000 9.647934
28.500000 9.718597
29.000000 9.789076
29.500000 9.859373
30.000000 9.929486
30.500000 9.999417
31.000000 10.069164
31.500000 10.138728
32.000000 10.208109
32.500000 10.277306
33.000000 10.346321
33.500000 10.415152
34.000000 10.483801
34.500000 10.552266
35.000000 10.620548
35.500000 10.688647
36.000000 10.756563
36.500000 10.824296
37.000000 10.891845
37.500000 10.959211
38.000000 11.026395
38.500000 11.093395
39.000000 11.160212
39.500000 11.226846
40.000000 11.293297
40.500000 11.359564
41.000000 11.425649
41.500000 11.491550
42.000000 11.557268
42.500000 11.622803
43.000000 11.688155
43.500000 11.753324
44.000000 11.818310
44.500000 11.883112
45.000000 11.947732
45.500000 12.012168
46.000000 12.076421
46.500000 12.140491
47.000000 12.204378
47.500000 12.268082
48.000000 12.331602
48.500000 12.394940
49.000000 12.458094
49.500000 12.521065
50.000000 12.583854
50.500000 12.646459
51.000000 12.708880
51.500000 12.771119
52.000000 12.833175
52.500000 12.895047
53.000000 12.956736
53.500000 13.018242
54.000000 13.079565
54.500000 13.140705
55.000000 13.201662
55.500000 13.262436
56.000000 13.323026
56.500000 13.383433
57.000000 13.443658
57.500000 13.503699
58.000000 13.563557
58.500000 13.623232
59.000000 13.682723
59.500000 13.742032
60.000000 13.801157
60.500000 13.860099
61.000000 13.918859
61.500000 13.977435
62.000000 14.035827
62.500000 14.094037
63.000000 14.152064
63.500000 14.209907
64.000000 14.267568
64.500000 14.325045
65.000000 14.382339
65.500000 14.439450
66.000000 14.496378
66.500000 14.553122
67.000000 14.609684
67.500000 14.666062
68.000000 14.722257
68.500000 14.778270
69.000000 14.834099
69.500000 14.889744
70.000000 14.945207
70.500000 15.000487
71.000000 15.055583
71.500000 15.110497
72.000000 15.165227
72.500000 15.219774
73.000000 15.274138
73.500000 15.328318
74.000000 15.382316
74.500000 15.436131
75.000000 15.489762
75.500000 15.543210
76.000000 15.596475
76.500000 15.649557
77.000000 15.702456
77.500000 15.755172
78.000000 15.807705
78.500000 15.860054
79.000000 15.912220
79.500000 15.964203
80.000000 16.016004
80.500000 16.067620
81.000000 16.119054
81.500000 16.170305
82.000000 16.221372
82.500000 16.272257
83.000000 16.322958
83.500000 16.373476
84.000000 16.423811
84.500000 16.473963
85.000000 16.523932
85.500000 16.573717
86.000000 16.623320
86.500000 16.672739
87.000000 16.721975
87.500000 16.771028
88.000000 16.819898
88.500000 16.868585
89.000000 16.917088
89.500000 16.965409
90.000000 17.013546
90.500000 17.061500
91.000000 17.109271
91.500000 17.156859
92.000000 17.204264
92.500000 17.251486
93.000000 17.298524
93.500000 17.345380
94.000000 17.392052
94.500000 17.438541
95.000000 17.484847
95.500000 17.530970
96.000000 17.576910
96.500000 17.622666
97.000000 17.668240
97.500000 17.713630
98.000000 17.758837
98.500000 17.803861
99.000000 17.848702
99.500000 17.893360
100.000000 17.937835
100.500000 17.982126
101.000000 18.026235
101.500000 18.070160
102.000000 18.113902
102.500000 18.157461
103.000000 18.200837
103.500000 18.244030
104.000000 18.287039
104.500000 18.329866
105.000000 18.372509
105.500000 18.414969
106.000000 18.457246
106.500000 18.499340
107.000000 18.541251
107.500000 18.582978
108.000000 18.624523
108.500000 18.665884
109.000000 18.707062
109.500000 18.748058
110.000000 18.788869
110.500000 18.829498
111.000000 18.869944
111.500000 18.910206
112.000000 18.950286
112.500000 18.990182
113.000000 19.029895
113.500000 19.069425
114.000000 19.108772
114.500000 19.147936
115.000000 19.186916
115.500000 19.225714
116.000000 19.264328
116.500000 19.302759
117.000000 19.341008
117.500000 19.379072
118.000000 19.416954
118.500000 19.454653
119.000000 19.492168
119.500000 19.529501
120.000000 19.566650
120.500000 19.603616
121.000000 19.640399
121.500000 19.676999
122.000000 19.713416
122.500000 19.749649
123.000000 19.785700
123.500000 19.821567
124.000000 19.857251
124.500000 19.892752
125.000000 19.928070
125.500000 19.963205
126.000000 19.998156
126.500000 20.032925
127.000000 20.067510
127.500000 20.101912
128.000000 20.136131
128.500000 20.170167
129.000000 20.204020
129.500000 20.237690
130.000000 20.271176
130.500000 20.304480
131.000000 20.337600
131.500000 20.370537
132.000000 20.403291
132.500000 20.435862
133.000000 20.468250
133.500000 20.500454
134.000000 20.532476
134.500000 20.564314
135.000000 20.595969
135.500000 20.627441
136.000000 20.658730
136.500000 20.689836
137.000000 20.720758
137.500000 20.751498
138.000000 20.782054
138.500000 20.812427
139.000000 20.842617
139.500000 20.872624
140.000000 20.902448
140.500000 20.932089
141.000000 20.961546
141.500000 20.990821
142.000000 21.019912
142.500000 21.048820
143.000000 21.077545
143.500000 21.106087
144.000000 21.134446
144.500000 21.162621
145.000000 21.190614
145.500000 21.218423
146.000000 21.246049
146.500000 21.273492
147.000000 21.300752
147.500000 21.327829
148.000000 21.354722
148.500000 21.381433
149.000000 21.407960
149.500000 21.434304
150.000000 21.460466
150.500000 21.486443
151.000000 21.512238
151.500000 21.537850
152.000000 21.563278
152.500000 21.588524
153.000000 21.613586
153.500000 21.638465
154.000000 21.663161
154.500000 21.687674
155.000000 21.712004
155.500000 21.736150
156.000000 21.760114
156.500000 21.783894
157.000000 21.807491
157.500000 21.830905
158.000000 21.854136
158.500000 21.877184
159.000000 21.900049
159.500000 21.922730
160.000000 21.945228
160.500000 21.967544
161.000000 21.989676
161.500000 22.011625
162.000000 22.033390
162.500000 22.054973
163.000000 22.076373
163.500000 22.097589
164.000000 22.118622
164.500000 22.139472
165.000000 22.160139
165.500000 22.180623
166.000000 22.200924
166.500000 22.221041
167.000000 22.240976
167.500000 22.260727
168.000000 22.280295
168.500000 22.299680
169.000000 22.318882
169.500000 22.337901
170.000000 22.356736
170.500000 22.375389
171.000000 22.393858
171.500000 22.412144
172.000000 22.430247
172.500000 22.448167
173.000000 22.465904
173.500000 22.483458
174.000000 22.500828
174.500000 22.518016
175.000000 22.535020
175.500000 22.551841
176.000000 22.568479
176.500000 22.584934
177.000000 22.601205
177.500000 22.617294
178.000000 22.633199
178.500000 22.648922
179.000000 22.664461
179.500000 22.679817
180.000000 22.694990
180.500000 22.709979
181.000000 22.724786
181.500000 22.739409
182.000000 22.753850
182.500000 22.768107
183.000000 22.782181
183.500000 22.796072
184.000000 22.809779
184.500000 22.823304
185.000000 22.836646
185.500000 22.849804
186.000000 22.862779
186.500000 22.875571
187.000000 22.888180
187.500000 22.900606
188.000000 22.912849
188.500000 22.924908
189.000000 22.936784
189.500000 22.948478
190.000000 22.959988
190.500000 22.971315
191.000000 22.982459
191.500000 22.993419
192.000000 23.004197
192.500000 23.014791
193.000000 23.025203
193.500000 23.035431
194.000000 23.045476
194.500000 23.055338
195.000000 23.065016
195.500000 23.074512
196.000000 23.083824
