pseudop41526 = [
0.000000 0.004379
0.500000 0.004425
1.000000 0.004471
1.500000 0.004518
2.000000 0.004565
2.500000 0.004613
3.000000 0.004662
3.500000 0.004712
4.000000 0.004762
4.500000 0.004813
5.000000 0.004864
5.500000 0.004917
6.000000 0.004970
6.500000 0.005023
7.000000 0.005078
7.500000 0.005133
8.000000 0.005189
8.500000 0.005246
9.000000 0.005303
9.500000 0.005362
10.000000 0.005421
10.500000 0.005481
11.000000 0.005542
11.500000 0.005604
12.000000 0.005666
12.500000 0.005730
13.000000 0.005794
13.500000 0.005860
14.000000 0.005926
14.500000 0.005993
15.000000 0.006061
15.500000 0.006131
16.000000 0.006201
16.500000 0.006272
17.000000 0.006345
17.500000 0.006418
18.000000 0.006493
18.500000 0.006569
19.000000 0.006645
19.500000 0.006723
20.000000 0.006803
20.500000 0.006883
21.000000 0.006965
21.500000 0.007047
22.000000 0.007131
22.500000 0.007217
23.000000 0.007304
23.500000 0.007392
24.000000 0.007481
24.500000 0.007572
25.000000 0.007664
25.500000 0.007758
26.000000 0.007853
26.500000 0.007950
27.000000 0.008048
27.500000 0.008148
28.000000 0.008249
28.500000 0.008352
29.000000 0.008456
29.500000 0.008563
30.000000 0.008671
30.500000 0.008781
31.000000 0.008892
31.500000 0.009006
32.000000 0.009121
32.500000 0.009238
33.000000 0.009357
33.500000 0.009479
34.000000 0.009602
34.500000 0.009727
35.000000 0.009854
35.500000 0.009984
36.000000 0.010116
36.500000 0.010250
37.000000 0.010386
37.500000 0.010525
38.000000 0.010666
38.500000 0.010809
39.000000 0.010955
39.500000 0.011103
40.000000 0.011254
40.500000 0.011408
41.000000 0.011565
41.500000 0.011724
42.000000 0.011886
42.500000 0.012051
43.000000 0.012219
43.500000 0.012390
44.000000 0.012564
44.500000 0.012741
45.000000 0.012922
45.500000 0.013106
46.000000 0.013293
46.500000 0.013483
47.000000 0.013678
47.500000 0.013875
48.000000 0.014077
48.500000 0.014282
49.000000 0.014492
49.500000 0.014705
50.000000 0.014922
50.500000 0.015144
51.000000 0.015369
51.500000 0.015599
52.000000 0.015834
52.500000 0.016073
53.000000 0.016317
53.500000 0.016565
54.000000 0.016819
54.500000 0.017078
55.000000 0.017341
55.500000 0.017610
56.000000 0.017885
56.500000 0.018165
57.000000 0.018451
57.500000 0.018742
58.000000 0.019040
58.500000 0.019344
59.000000 0.019654
59.500000 0.019970
60.000000 0.020293
60.500000 0.020623
61.000000 0.020960
61.500000 0.021304
62.000000 0.021656
62.500000 0.022015
63.000000 0.022381
63.500000 0.022756
64.000000 0.023139
64.500000 0.023530
65.000000 0.023930
65.500000 0.024339
66.000000 0.024757
66.500000 0.025184
67.000000 0.025621
67.500000 0.026067
68.000000 0.026524
68.500000 0.026992
69.000000 0.027470
69.500000 0.027959
70.000000 0.028459
70.500000 0.028971
71.000000 0.029496
71.500000 0.030032
72.000000 0.030581
72.500000 0.031144
73.000000 0.031720
73.500000 0.032309
74.000000 0.032914
74.500000 0.033532
75.000000 0.034166
75.500000 0.034816
76.000000 0.035482
76.500000 0.036165
77.000000 0.036864
77.500000 0.037582
78.000000 0.038317
78.500000 0.039071
79.000000 0.039845
79.500000 0.040639
80.000000 0.041454
80.500000 0.042289
81.000000 0.043147
81.500000 0.044028
82.000000 0.044932
82.500000 0.045860
83.000000 0.046813
83.500000 0.047793
84.000000 0.048799
84.500000 0.049832
85.000000 0.050895
85.500000 0.051987
86.000000 0.053109
86.500000 0.054263
87.000000 0.055450
87.500000 0.056671
88.000000 0.057927
88.500000 0.059219
89.000000 0.060549
89.500000 0.061918
90.000000 0.063327
90.500000 0.064778
91.000000 0.066272
91.500000 0.067812
92.000000 0.069398
92.500000 0.071032
93.000000 0.072717
93.500000 0.074453
94.000000 0.076244
94.500000 0.078090
95.000000 0.079995
95.500000 0.081960
96.000000 0.083988
96.500000 0.086081
97.000000 0.088242
97.500000 0.090473
98.000000 0.092777
98.500000 0.095158
99.000000 0.097617
99.500000 0.100159
100.000000 0.102786
100.500000 0.105502
101.000000 0.108311
101.500000 0.111217
102.000000 0.114223
102.500000 0.117333
103.000000 0.120552
103.500000 0.123885
104.000000 0.127335
104.500000 0.130909
105.000000 0.134611
105.500000 0.138447
106.000000 0.142422
106.500000 0.146542
107.000000 0.150813
107.500000 0.155242
108.000000 0.159836
108.500000 0.164601
109.000000 0.169545
109.500000 0.174675
110.000000 0.180000
110.500000 0.185528
111.000000 0.191266
111.500000 0.197225
112.000000 0.203414
112.500000 0.209841
113.000000 0.216518
113.500000 0.223454
114.000000 0.230660
114.500000 0.238147
115.000000 0.245927
115.500000 0.254011
116.000000 0.262411
116.500000 0.271139
117.000000 0.280208
117.500000 0.289630
118.000000 0.299418
118.500000 0.309584
119.000000 0.320141
119.500000 0.331102
120.000000 0.342480
120.500000 0.354285
121.000000 0.366530
121.500000 0.379226
122.000000 0.392382
122.500000 0.406007
123.000000 0.420110
123.500000 0.434695
124.000000 0.449768
124.500000 0.465330
125.000000 0.481381
125.500000 0.497917
126.000000 0.514931
126.500000 0.532413
127.000000 0.550349
127.500000 0.568719
128.000000 0.587498
128.500000 0.606655
129.000000 0.626156
129.500000 0.645958
130.000000 0.666010
130.500000 0.686256
131.000000 0.706633
131.500000 0.727069
132.000000 0.747485
132.500000 0.767796
133.000000 0.787909
133.500000 0.807725
134.000000 0.827142
134.500000 0.846049
135.000000 0.864336
135.500000 0.881890
136.000000 0.898598
136.500000 0.914349
137.000000 0.929034
137.500000 0.942552
138.000000 0.954809
138.500000 0.965720
139.000000 0.975210
139.500000 0.983217
140.000000 0.989696
140.500000 0.994612
141.000000 0.997948
141.500000 0.999702
142.000000 0.999887
142.500000 0.998532
143.000000 0.995678
143.500000 0.991379
144.000000 0.985702
144.500000 0.978723
145.000000 0.970525
145.500000 0.961197
146.000000 0.950834
146.500000 0.939534
147.000000 0.927395
147.500000 0.914515
148.000000 0.900990
148.500000 0.886915
149.000000 0.872379
149.500000 0.857470
150.000000 0.842268
150.500000 0.826849
151.000000 0.811282
151.500000 0.795634
152.000000 0.779961
152.500000 0.764318
153.000000 0.748750
153.500000 0.733302
154.000000 0.718009
154.500000 0.702904
155.000000 0.688015
155.500000 0.673366
156.000000 0.658975
156.500000 0.644860
157.000000 0.631035
157.500000 0.617509
158.000000 0.604290
158.500000 0.591385
159.000000 0.578796
159.500000 0.566527
160.000000 0.554576
160.500000 0.542944
161.000000 0.531627
161.500000 0.520624
162.000000 0.509930
162.500000 0.499540
163.000000 0.489449
163.500000 0.479652
164.000000 0.470141
164.500000 0.460912
165.000000 0.451957
165.500000 0.443270
166.000000 0.434842
166.500000 0.426669
167.000000 0.418742
167.500000 0.411054
168.000000 0.403600
168.500000 0.396370
169.000000 0.389360
169.500000 0.382562
170.000000 0.375970
170.500000 0.369577
171.000000 0.363378
171.500000 0.357365
172.000000 0.351533
172.500000 0.345876
173.000000 0.340389
173.500000 0.335066
174.000000 0.329902
174.500000 0.324891
175.000000 0.320029
175.500000 0.315311
176.000000 0.310733
176.500000 0.306289
177.000000 0.301975
177.500000 0.297788
178.000000 0.293723
178.500000 0.289776
179.000000 0.285944
179.500000 0.282222
180.000000 0.278608
180.500000 0.275099
181.000000 0.271689
181.500000 0.268378
182.000000 0.265161
182.500000 0.262036
183.000000 0.259000
183.500000 0.256051
184.000000 0.253185
184.500000 0.250400
185.000000 0.247694
185.500000 0.245065
186.000000 0.242509
186.500000 0.240026
187.000000 0.237613
187.500000 0.235269
188.000000 0.232990
188.500000 0.230775
189.000000 0.228624
189.500000 0.226533
190.000000 0.224501
190.500000 0.222527
191.000000 0.220609
191.500000 0.218745
192.000000 0.216935
192.500000 0.215177
193.000000 0.213469
193.500000 0.211810
194.000000 0.210200
194.500000 0.208637
195.000000 0.207119
195.500000 0.205646
196.000000 0.204217
196.500000 0.202830
197.000000 0.201485
197.500000 0.200181
198.000000 0.198917
198.500000 0.197692
199.000000 0.196505
199.500000 0.195355
200.000000 0.194243
200.500000 0.193166
201.000000 0.192124
201.500000 0.191117
202.000000 0.190143
202.500000 0.189203
203.000000 0.188296
203.500000 0.187421
204.000000 0.186577
204.500000 0.185764
