totalp = [
0.000000 0.000000
0.500000 0.000000
1.000000 0.000000
1.500000 0.000000
2.000000 0.000000
2.500000 0.000000
3.000000 0.000000
3.500000 0.000000
4.000000 0.000000
4.500000 0.000000
5.000000 0.000000
5.500000 0.000000
6.000000 0.000000
6.500000 0.000000
7.000000 0.000000
7.500000 0.000000
8.000000 0.000000
8.500000 0.000000
9.000000 0.000000
9.500000 0.000000
10.000000 0.000000
10.500000 0.000000
11.000000 0.000000
11.500000 0.000000
12.000000 0.000000
12.500000 0.000000
13.000000 0.000000
13.500000 0.000000
14.000000 0.000000
14.500000 0.000000
15.000000 0.000000
15.500000 0.000000
16.000000 0.000000
16.500000 0.000000
17.000000 0.000000
17.500000 0.000000
18.000000 0.000000
18.500000 0.000000
19.000000 0.000000
19.500000 0.000000
20.000000 0.000000
20.500000 0.000000
21.000000 0.000000
21.500000 0.000000
22.000000 0.000000
22.500000 0.000000
23.000000 0.000000
23.500000 0.000001
24.000000 0.000001
24.500000 0.000001
25.000000 0.000001
25.500000 0.000001
26.000000 0.000001
26.500000 0.000001
27.000000 0.000001
27.500000 0.000001
28.000000 0.000001
28.500000 0.000001
29.000000 0.000001
29.500000 0.000001
30.000000 0.000001
30.500000 0.000001
31.000000 0.000001
31.500000 0.000001
32.000000 0.000001
32.500000 0.000001
33.000000 0.000001
33.500000 0.000001
34.000000 0.000001
34.500000 0.000001
35.000000 0.000001
35.500000 0.000001
36.000000 0.000001
36.500000 0.000001
37.000000 0.000002
37.500000 0.000002
38.000000 0.000002
38.500000 0.000002
39.000000 0.000002
39.500000 0.000002
40.000000 0.000002
40.500000 0.000002
41.000000 0.000002
41.500000 0.000002
42.000000 0.000002
42.500000 0.000002
43.000000 0.000002
43.500000 0.000003
44.000000 0.000003
44.500000 0.000003
45.000000 0.000003
45.500000 0.000003
46.000000 0.000003
46.500000 0.000003
47.000000 0.000003
47.500000 0.000003
48.000000 0.000003
48.500000 0.000004
49.000000 0.000004
49.500000 0.000004
50.000000 0.000004
50.500000 0.000004
51.000000 0.000004
51.500000 0.000004
52.000000 0.000004
52.500000 0.000005
53.000000 0.000005
53.500000 0.000005
54.000000 0.000005
54.500000 0.000005
55.000000 0.000005
55.500000 0.000005
56.000000 0.000006
56.500000 0.000006
57.000000 0.000006
57.500000 0.000006
58.000000 0.000006
58.500000 0.000006
59.000000 0.000007
59.500000 0.000007
60.000000 0.000007
60.500000 0.000007
61.000000 0.000007
61.500000 0.000007
62.000000 0.000008
62.500000 0.000008
63.000000 0.000008
63.500000 0.000008
64.000000 0.000008
64.500000 0.000008
65.000000 0.000009
65.500000 0.000009
66.000000 0.000009
66.500000 0.000009
67.000000 0.000009
67.500000 0.000010
68.000000 0.000010
68.500000 0.000010
69.000000 0.000010
69.500000 0.000010
70.000000 0.000011
70.500000 0.000011
71.000000 0.000011
71.500000 0.000011
72.000000 0.000011
72.500000 0.000012
73.000000 0.000012
73.500000 0.000012
74.000000 0.000012
74.500000 0.000013
75.000000 0.000013
75.500000 0.000013
76.000000 0.000013
76.500000 0.000014
77.000000 0.000014
77.500000 0.000014
78.000000 0.000014
78.500000 0.000015
79.000000 0.000015
79.500000 0.000015
80.000000 0.000016
80.500000 0.000016
81.000000 0.000016
81.500000 0.000017
82.000000 0.000017
82.500000 0.000017
83.000000 0.000018
83.500000 0.000018
84.000000 0.000018
84.500000 0.000019
85.000000 0.000019
85.500000 0.000020
86.000000 0.000020
86.500000 0.000020
87.000000 0.000021
87.500000 0.000021
88.000000 0.000022
88.500000 0.000022
89.000000 0.000023
89.500000 0.000023
90.000000 0.000024
90.500000 0.000024
91.000000 0.000025
91.500000 0.000025
92.000000 0.000026
92.500000 0.000027
93.000000 0.000027
93.500000 0.000028
94.000000 0.000028
94.500000 0.000029
95.000000 0.000030
95.500000 0.000031
96.000000 0.000031
96.500000 0.000032
97.000000 0.000033
97.500000 0.000034
98.000000 0.000035
98.500000 0.000036
99.000000 0.000036
99.500000 0.000037
100.000000 0.000038
100.500000 0.000039
101.000000 0.000041
101.500000 0.000042
102.000000 0.000043
102.500000 0.000044
103.000000 0.000045
103.500000 0.000047
104.000000 0.000048
104.500000 0.000049
105.000000 0.000051
105.500000 0.000052
106.000000 0.000054
106.500000 0.000055
107.000000 0.000057
107.500000 0.000059
108.000000 0.000061
108.500000 0.000062
109.000000 0.000064
109.500000 0.000066
110.000000 0.000069
110.500000 0.000071
111.000000 0.000073
111.500000 0.000075
112.000000 0.000078
112.500000 0.000081
113.000000 0.000083
113.500000 0.000086
114.000000 0.000089
114.500000 0.000092
115.000000 0.000095
115.500000 0.000099
116.000000 0.000102
116.500000 0.000106
117.000000 0.000109
117.500000 0.000113
118.000000 0.000117
118.500000 0.000122
119.000000 0.000126
119.500000 0.000131
120.000000 0.000136
120.500000 0.000141
121.000000 0.000146
121.500000 0.000151
122.000000 0.000157
122.500000 0.000163
123.000000 0.000169
123.500000 0.000175
124.000000 0.000182
124.500000 0.000189
125.000000 0.000196
125.500000 0.000203
126.000000 0.000210
126.500000 0.000218
127.000000 0.000226
127.500000 0.000234
128.000000 0.000243
128.500000 0.000252
129.000000 0.000261
129.500000 0.000270
130.000000 0.000279
130.500000 0.000288
131.000000 0.000298
131.500000 0.000307
132.000000 0.000317
132.500000 0.000327
133.000000 0.000337
133.500000 0.000346
134.000000 0.000356
134.500000 0.000365
135.000000 0.000374
135.500000 0.000383
136.000000 0.000392
136.500000 0.000400
137.000000 0.000408
137.500000 0.000416
138.000000 0.000423
138.500000 0.000429
139.000000 0.000435
139.500000 0.000440
140.000000 0.000445
140.500000 0.000449
141.000000 0.000452
141.500000 0.000455
142.000000 0.000457
142.500000 0.000458
143.000000 0.000458
143.500000 0.000458
144.000000 0.000458
144.500000 0.000456
145.000000 0.000454
145.500000 0.000452
146.000000 0.000449
146.500000 0.000445
147.000000 0.000441
147.500000 0.000437
148.000000 0.000433
148.500000 0.000428
149.000000 0.000423
149.500000 0.000417
150.000000 0.000412
150.500000 0.000406
151.000000 0.000400
151.500000 0.000394
152.000000 0.000388
152.500000 0.000382
153.000000 0.000376
153.500000 0.000370
154.000000 0.000364
154.500000 0.000358
155.000000 0.000352
155.500000 0.000346
156.000000 0.000340
156.500000 0.000335
157.000000 0.000329
157.500000 0.000324
158.000000 0.000318
158.500000 0.000313
159.000000 0.000308
159.500000 0.000303
160.000000 0.000298
160.500000 0.000293
161.000000 0.000288
161.500000 0.000284
162.000000 0.000279
162.500000 0.000275
163.000000 0.000271
163.500000 0.000267
164.000000 0.000263
164.500000 0.000259
165.000000 0.000255
165.500000 0.000252
166.000000 0.000248
166.500000 0.000245
167.000000 0.000242
167.500000 0.000239
168.000000 0.000235
168.500000 0.000232
169.000000 0.000230
169.500000 0.000227
170.000000 0.000224
170.500000 0.000221
171.000000 0.000219
171.500000 0.000216
172.000000 0.000214
172.500000 0.000212
173.000000 0.000210
173.500000 0.000207
174.000000 0.000205
174.500000 0.000203
175.000000 0.000201
175.500000 0.000200
176.000000 0.000198
176.500000 0.000196
177.000000 0.000194
177.500000 0.000193
178.000000 0.000191
178.500000 0.000189
179.000000 0.000188
179.500000 0.000187
180.000000 0.000185
180.500000 0.000184
181.000000 0.000182
181.500000 0.000181
182.000000 0.000180
182.500000 0.000179
183.000000 0.000178
183.500000 0.000177
184.000000 0.000175
184.500000 0.000174
185.000000 0.000173
185.500000 0.000172
186.000000 0.000171
186.500000 0.000171
187.000000 0.000170
187.500000 0.000169
188.000000 0.000168
188.500000 0.000167
189.000000 0.000166
189.500000 0.000165
190.000000 0.000165
190.500000 0.000164
191.000000 0.000163
191.500000 0.000162
192.000000 0.000162
192.500000 0.000161
193.000000 0.000160
193.500000 0.000159
194.000000 0.000159
194.500000 0.000158
195.000000 0.000157
195.500000 0.000157
196.000000 0.000156
196.500000 0.000155
197.000000 0.000154
197.500000 0.000154
198.000000 0.000153
198.500000 0.000152
199.000000 0.000151
199.500000 0.000150
200.000000 0.000150
200.500000 0.000149
201.000000 0.000148
201.500000 0.000147
202.000000 0.000146
202.500000 0.000145
203.000000 0.000144
203.500000 0.000143
204.000000 0.000142
204.500000 0.000141
